200	3.346259
200.5	3.337047
201	3.343956
201.5	3.410743
202	3.327835
202.5	3.304805
203	3.279472
203.5	3.325532
204	3.274866
204.5	3.309411
205	3.251836
205.5	3.24723
206	3.254139
206.5	3.267957
207	3.242624
207.5	3.240321
208	3.217291
208.5	3.217291
209	3.217291
209.5	3.210382
210	3.187352
210.5	3.203473
211	3.208079
211.5	3.203473
212	3.205776
212.5	3.194261
213	3.196564
213.5	3.175837
214	3.17814
214.5	3.191958
215	3.175837
215.5	3.159716
216	3.152807
216.5	3.164322
217	3.145898
217.5	3.145898
218	3.138989
218.5	3.125171
219	3.127474
219.5	3.13208
220	3.113656
220.5	3.115959
221	3.102141
221.5	3.120565
222	3.092929
222.5	3.095232
223	3.120565
223.5	3.092929
224	3.095232
224.5	3.097535
225	3.092929
225.5	3.083717
226	3.079111
226.5	3.102141
227	3.076808
227.5	3.079111
228	3.090626
228.5	3.072202
229	3.065293
229.5	3.067596
230	3.069899
230.5	3.081414
231	3.074505
231.5	3.067596
232	3.056081
232.5	3.060687
233	3.051475
233.5	3.056081
234	3.037657
234.5	3.030748
235	3.060687
235.5	3.049172
236	3.053778
236.5	3.03996
237	3.046869
237.5	3.03996
238	3.026142
238.5	3.026142
239	3.01693
239.5	3.01693
240	3.021536
240.5	3.003112
241	3.000809
241.5	3.010021
242	2.991597
242.5	3.003112
243	2.9939
243.5	2.977779
244	2.961658
244.5	2.94784
245	2.934022
245.5	2.915598
246	2.906386
246.5	2.864932
247	2.846508
247.5	2.830387
248	2.784327
248.5	2.749782
249	2.712934
249.5	2.682995
250	2.639238
250.5	2.590875
251	2.544815
251.5	2.519482
252	2.484937
252.5	2.443483
253	2.411241
253.5	2.39512
254	2.376696
254.5	2.369787
255	2.358272
255.5	2.358272
256	2.358272
256.5	2.355969
257	2.360575
257.5	2.358272
258	2.365181
258.5	2.360575
259	2.355969
259.5	2.346757
260	2.346757
260.5	2.344454
261	2.337545
261.5	2.339848
262	2.332939
262.5	2.342151
263	2.339848
263.5	2.355969
264	2.362878
264.5	2.37209
265	2.388211
265.5	2.413544
266	2.434271
266.5	2.450392
267	2.475725
267.5	2.473422
268	2.494149
268.5	2.491846
269	2.507967
269.5	2.496452
270	2.48724
270.5	2.489543
271	2.459604
271.5	2.46421
272	2.445786
272.5	2.436574
273	2.420453
273.5	2.406635
274	2.383605
274.5	2.37209
275	2.374393
275.5	2.37209
276	2.365181
276.5	2.360575
277	2.353666
277.5	2.360575
278	2.37209
278.5	2.365181
279	2.360575
279.5	2.360575
280	2.360575
280.5	2.355969
281	2.339848
281.5	2.321424
282	2.305303
282.5	2.270758
283	2.247728
283.5	2.208577
284	2.183244
284.5	2.144093
285	2.098033
285.5	2.054276
286	2.008216
286.5	1.978277
287	1.925308
287.5	1.883854
288	1.835491
288.5	1.791734
289	1.75028
289.5	1.701917
290	1.660463
290.5	1.625918
291	1.577555
291.5	1.533798
292	1.508465
292.5	1.469314
293	1.437072
293.5	1.402527
294	1.374891
294.5	1.338043
295	1.324225
295.5	1.301195
296	1.280468
296.5	1.273559
297	1.262044
297.5	1.250529
298	1.248226
298.5	1.236711
299	1.239014
299.5	1.227499
300	1.211378
300.5	1.206772
301	1.195257
301.5	1.186045
302	1.167621
302.5	1.1515
303	1.130773
303.5	1.110046
304	1.087016
304.5	1.05938
305	1.03635
305.5	1.008714
306	0.983381
306.5	0.960351
307	0.935018
307.5	0.907382
308	0.893564
308.5	0.879746
309	0.872837
309.5	0.861322
310	0.859019
310.5	0.849807
311	0.854413
311.5	0.859019
312	0.856716
312.5	0.863625
313	0.870534
313.5	0.888958
314	0.89817
314.5	0.893564
315	0.89817
315.5	0.895867
316	0.89817
316.5	0.895867
317	0.886655
317.5	0.872837
318	0.85211
318.5	0.831383
319	0.812959
319.5	0.796838
320	0.771505
320.5	0.753081
321	0.734657
321.5	0.709324
322	0.6909
322.5	0.677082
323	0.656355
323.5	0.642537
324	0.624113
324.5	0.617204
325	0.605689
325.5	0.582659
326	0.582659
326.5	0.578053
327	0.566538
327.5	0.561932
328	0.550417
328.5	0.548114
329	0.545811
329.5	0.536599
330	0.52969
330.5	0.52969
331	0.522781
331.5	0.515872
332	0.522781
332.5	0.522781
333	0.50666
333.5	0.499751
334	0.499751
334.5	0.488236
335	0.485933
335.5	0.488236
336	0.481327
336.5	0.481327
337	0.485933
337.5	0.476721
338	0.469812
338.5	0.465206
339	0.465206
339.5	0.455994
340	0.465206
340.5	0.458297
341	0.455994
341.5	0.451388
342	0.449085
342.5	0.451388
343	0.43757
343.5	0.442176
344	0.442176
344.5	0.439873
345	0.435267
345.5	0.435267
346	0.435267
346.5	0.432964
347	0.435267
347.5	0.430661
348	0.428358
348.5	0.423752
349	0.426055
349.5	0.416843
350	0.421449
350.5	0.419146
351	0.419146
351.5	0.416843
352	0.416843
352.5	0.41454
353	0.403025
353.5	0.403025
354	0.396116
354.5	0.403025
355	0.405328
355.5	0.398419
356	0.403025
356.5	0.396116
357	0.400722
357.5	0.393813
358	0.396116
358.5	0.393813
359	0.393813
359.5	0.389207
360	0.389207
360.5	0.384601
361	0.386904
361.5	0.384601
362	0.384601
362.5	0.386904
363	0.382298
363.5	0.382298
364	0.382298
364.5	0.377692
365	0.36848
365.5	0.373086
366	0.373086
366.5	0.375389
367	0.36848
367.5	0.36848
368	0.370783
368.5	0.36848
369	0.361571
369.5	0.36848
370	0.361571
370.5	0.359268
371	0.361571
371.5	0.356965
372	0.363874
372.5	0.361571
373	0.359268
373.5	0.363874
374	0.361571
374.5	0.361571
375	0.361571
375.5	0.352359
376	0.356965
376.5	0.361571
377	0.359268
377.5	0.352359
378	0.352359
378.5	0.352359
379	0.352359
379.5	0.347753
380	0.350056
380.5	0.347753
381	0.347753
381.5	0.347753
382	0.347753
382.5	0.347753
383	0.350056
383.5	0.34545
384	0.350056
384.5	0.34545
385	0.343147
385.5	0.34545
386	0.347753
386.5	0.340844
387	0.343147
387.5	0.338541
388	0.338541
388.5	0.343147
389	0.338541
389.5	0.338541
390	0.336238
390.5	0.336238
391	0.336238
391.5	0.336238
392	0.333935
392.5	0.336238
393	0.331632
393.5	0.329329
394	0.336238
394.5	0.331632
395	0.331632
395.5	0.331632
396	0.327026
396.5	0.331632
397	0.329329
397.5	0.329329
398	0.329329
398.5	0.327026
399	0.331632
399.5	0.327026
400	0.329329
400.5	0.327026
401	0.333935
401.5	0.327026
402	0.324723
402.5	0.327026
403	0.327026
403.5	0.324723
404	0.327026
404.5	0.32242
405	0.32242
405.5	0.324723
406	0.32242
406.5	0.324723
407	0.324723
407.5	0.324723
408	0.320117
408.5	0.32242
409	0.320117
409.5	0.32242
410	0.320117
410.5	0.317814
411	0.317814
411.5	0.320117
412	0.315511
412.5	0.317814
413	0.320117
413.5	0.317814
414	0.315511
414.5	0.315511
415	0.317814
415.5	0.315511
416	0.320117
416.5	0.315511
417	0.315511
417.5	0.315511
418	0.315511
418.5	0.315511
419	0.313208
419.5	0.315511
420	0.313208
420.5	0.313208
421	0.310905
421.5	0.313208
422	0.313208
422.5	0.310905
423	0.313208
423.5	0.313208
424	0.310905
424.5	0.310905
425	0.308602
425.5	0.313208
426	0.313208
426.5	0.308602
427	0.313208
427.5	0.308602
428	0.308602
428.5	0.308602
429	0.308602
429.5	0.306299
430	0.310905
430.5	0.308602
431	0.308602
431.5	0.306299
432	0.306299
432.5	0.308602
433	0.306299
433.5	0.308602
434	0.306299
434.5	0.308602
435	0.306299
435.5	0.303996
436	0.308602
436.5	0.308602
437	0.306299
437.5	0.306299
438	0.303996
438.5	0.306299
439	0.303996
439.5	0.303996
440	0.306299
440.5	0.303996
441	0.303996
441.5	0.303996
442	0.306299
442.5	0.303996
443	0.303996
443.5	0.303996
444	0.303996
444.5	0.301693
445	0.301693
445.5	0.303996
446	0.303996
446.5	0.301693
447	0.303996
447.5	0.303996
448	0.306299
448.5	0.303996
449	0.301693
449.5	0.29939
450	0.301693
450.5	0.303996
451	0.301693
451.5	0.303996
452	0.301693
452.5	0.29939
453	0.301693
453.5	0.301693
454	0.29939
454.5	0.29939
455	0.301693
455.5	0.301693
456	0.301693
456.5	0.297087
457	0.297087
457.5	0.29939
458	0.301693
458.5	0.29939
459	0.29939
459.5	0.29939
460	0.29939
460.5	0.297087
461	0.29939
461.5	0.297087
462	0.29939
462.5	0.29939
463	0.29939
463.5	0.301693
464	0.29939
464.5	0.29939
465	0.29939
465.5	0.301693
466	0.29939
466.5	0.29939
467	0.29939
467.5	0.29939
468	0.29939
468.5	0.29939
469	0.297087
469.5	0.29939
470	0.29939
470.5	0.29939
471	0.29939
471.5	0.297087
472	0.297087
472.5	0.297087
473	0.297087
473.5	0.29939
474	0.294784
474.5	0.29939
475	0.297087
475.5	0.294784
476	0.297087
476.5	0.294784
477	0.297087
477.5	0.297087
478	0.297087
478.5	0.294784
479	0.297087
479.5	0.297087
480	0.294784
480.5	0.297087
481	0.29939
481.5	0.297087
482	0.29939
482.5	0.297087
483	0.297087
483.5	0.297087
484	0.297087
484.5	0.292481
485	0.292481
485.5	0.297087
486	0.297087
486.5	0.297087
487	0.294784
487.5	0.292481
488	0.292481
488.5	0.292481
489	0.294784
489.5	0.294784
490	0.294784
490.5	0.292481
491	0.292481
491.5	0.292481
492	0.292481
492.5	0.292481
493	0.292481
493.5	0.290178
494	0.292481
494.5	0.292481
495	0.292481
495.5	0.292481
496	0.292481
496.5	0.292481
497	0.292481
497.5	0.292481
498	0.294784
498.5	0.294784
499	0.294784
499.5	0.292481
500	0.292481
500.5	0.292481
501	0.290178
501.5	0.294784
502	0.292481
502.5	0.290178
503	0.292481
503.5	0.292481
504	0.292481
504.5	0.290178
505	0.290178
505.5	0.290178
506	0.292481
506.5	0.290178
507	0.290178
507.5	0.292481
508	0.290178
508.5	0.290178
509	0.290178
509.5	0.292481
510	0.287875
510.5	0.292481
511	0.287875
511.5	0.290178
512	0.290178
512.5	0.292481
513	0.290178
513.5	0.292481
514	0.292481
514.5	0.292481
515	0.290178
515.5	0.290178
516	0.290178
516.5	0.290178
517	0.292481
517.5	0.290178
518	0.294784
518.5	0.290178
519	0.292481
519.5	0.290178
520	0.292481
520.5	0.290178
521	0.292481
521.5	0.292481
522	0.290178
522.5	0.294784
523	0.292481
523.5	0.292481
524	0.292481
524.5	0.292481
525	0.292481
525.5	0.290178
526	0.290178
526.5	0.292481
527	0.294784
527.5	0.294784
528	0.292481
528.5	0.292481
529	0.292481
529.5	0.292481
530	0.290178
530.5	0.287875
531	0.290178
531.5	0.294784
532	0.292481
532.5	0.290178
533	0.290178
533.5	0.290178
534	0.290178
534.5	0.287875
535	0.290178
535.5	0.292481
536	0.290178
536.5	0.290178
537	0.290178
537.5	0.290178
538	0.290178
538.5	0.290178
539	0.290178
539.5	0.290178
540	0.287875
540.5	0.290178
541	0.287875
541.5	0.287875
542	0.290178
542.5	0.290178
543	0.290178
543.5	0.290178
544	0.290178
544.5	0.290178
545	0.290178
545.5	0.290178
546	0.290178
546.5	0.290178
547	0.290178
547.5	0.290178
548	0.290178
548.5	0.290178
549	0.290178
549.5	0.290178
550	0.290178
550.5	0.292481
551	0.292481
551.5	0.290178
552	0.290178
552.5	0.290178
553	0.290178
553.5	0.290178
554	0.292481
554.5	0.290178
555	0.292481
555.5	0.290178
556	0.290178
556.5	0.290178
557	0.290178
557.5	0.290178
558	0.290178
558.5	0.290178
559	0.287875
559.5	0.290178
560	0.290178
560.5	0.292481
561	0.290178
561.5	0.290178
562	0.287875
562.5	0.287875
563	0.287875
563.5	0.287875
564	0.290178
564.5	0.287875
565	0.287875
565.5	0.287875
566	0.290178
566.5	0.290178
567	0.287875
567.5	0.290178
568	0.287875
568.5	0.287875
569	0.287875
569.5	0.292481
570	0.290178
570.5	0.290178
571	0.287875
571.5	0.290178
572	0.290178
572.5	0.290178
573	0.290178
573.5	0.290178
574	0.287875
574.5	0.290178
575	0.292481
575.5	0.292481
576	0.290178
576.5	0.290178
577	0.292481
577.5	0.290178
578	0.292481
578.5	0.292481
579	0.292481
579.5	0.292481
580	0.292481
580.5	0.292481
581	0.290178
581.5	0.290178
582	0.292481
582.5	0.287875
583	0.292481
583.5	0.292481
584	0.292481
584.5	0.290178
585	0.290178
585.5	0.290178
586	0.290178
586.5	0.290178
587	0.290178
587.5	0.290178
588	0.292481
588.5	0.290178
589	0.290178
589.5	0.292481
590	0.290178
590.5	0.290178
591	0.287875
591.5	0.290178
592	0.290178
592.5	0.287875
593	0.290178
593.5	0.287875
594	0.290178
594.5	0.287875
595	0.287875
595.5	0.287875
596	0.287875
596.5	0.290178
597	0.287875
597.5	0.287875
598	0.290178
598.5	0.290178
599	0.290178
599.5	0.287875
600	0.287875
600.5	0.290178
601	0.287875
601.5	0.287875
602	0.287875
602.5	0.290178
603	0.290178
603.5	0.287875
604	0.290178
604.5	0.290178
605	0.290178
605.5	0.290178
606	0.290178
606.5	0.287875
607	0.290178
607.5	0.290178
608	0.287875
608.5	0.290178
609	0.287875
609.5	0.287875
610	0.287875
610.5	0.287875
611	0.287875
611.5	0.287875
612	0.290178
612.5	0.287875
613	0.287875
613.5	0.287875
614	0.290178
614.5	0.287875
615	0.287875
615.5	0.287875
616	0.285572
616.5	0.285572
617	0.290178
617.5	0.285572
618	0.287875
618.5	0.290178
619	0.287875
619.5	0.290178
620	0.287875
620.5	0.287875
621	0.290178
621.5	0.290178
622	0.290178
622.5	0.290178
623	0.290178
623.5	0.290178
624	0.290178
624.5	0.290178
625	0.292481
625.5	0.292481
626	0.290178
626.5	0.290178
627	0.290178
627.5	0.292481
628	0.292481
628.5	0.292481
629	0.290178
629.5	0.290178
630	0.290178
630.5	0.290178
631	0.292481
631.5	0.290178
632	0.287875
632.5	0.290178
633	0.290178
633.5	0.287875
634	0.290178
634.5	0.290178
635	0.290178
635.5	0.290178
636	0.287875
636.5	0.290178
637	0.290178
637.5	0.290178
638	0.290178
638.5	0.290178
639	0.290178
639.5	0.287875
640	0.287875
640.5	0.290178
641	0.290178
641.5	0.285572
642	0.290178
642.5	0.290178
643	0.285572
643.5	0.287875
644	0.292481
644.5	0.292481
645	0.287875
645.5	0.287875
646	0.290178
646.5	0.287875
647	0.290178
647.5	0.290178
648	0.292481
648.5	0.287875
649	0.287875
649.5	0.290178
650	0.290178
650.5	0.290178
651	0.290178
651.5	0.290178
652	0.290178
652.5	0.290178
653	0.285572
653.5	0.290178
654	0.287875
654.5	0.287875
655	0.290178
655.5	0.287875
656	0.290178
656.5	0.292481
657	0.287875
657.5	0.290178
658	0.287875
658.5	0.290178
659	0.287875
659.5	0.290178
660	0.292481
660.5	0.287875
661	0.287875
661.5	0.290178
662	0.290178
662.5	0.290178
663	0.287875
663.5	0.290178
664	0.287875
664.5	0.290178
665	0.287875
665.5	0.290178
666	0.290178
666.5	0.292481
667	0.290178
667.5	0.290178
668	0.287875
668.5	0.292481
669	0.287875
669.5	0.287875
670	0.290178
670.5	0.290178
671	0.290178
671.5	0.287875
672	0.285572
672.5	0.290178
673	0.290178
673.5	0.290178
674	0.285572
674.5	0.285572
675	0.287875
675.5	0.285572
676	0.290178
676.5	0.290178
677	0.292481
677.5	0.290178
678	0.290178
678.5	0.294784
679	0.292481
679.5	0.290178
680	0.290178
680.5	0.287875
681	0.287875
681.5	0.287875
682	0.287875
682.5	0.287875
683	0.287875
683.5	0.290178
684	0.290178
684.5	0.287875
685	0.287875
685.5	0.285572
686	0.285572
686.5	0.287875
687	0.285572
687.5	0.287875
688	0.285572
688.5	0.285572
689	0.287875
689.5	0.287875
690	0.287875
690.5	0.290178
691	0.290178
691.5	0.287875
692	0.285572
692.5	0.287875
693	0.287875
693.5	0.285572
694	0.287875
694.5	0.287875
695	0.290178
695.5	0.287875
696	0.290178
696.5	0.287875
697	0.285572
697.5	0.290178
698	0.292481
698.5	0.285572
699	0.285572
699.5	0.287875
700	0.285572
700.5	0.285572
701	0.287875
701.5	0.287875
702	0.287875
702.5	0.287875
703	0.290178
703.5	0.287875
704	0.287875
704.5	0.287875
705	0.290178
705.5	0.290178
706	0.292481
706.5	0.287875
707	0.285572
707.5	0.290178
708	0.290178
708.5	0.287875
709	0.290178
709.5	0.290178
710	0.290178
710.5	0.287875
711	0.287875
711.5	0.287875
712	0.290178
712.5	0.290178
713	0.287875
713.5	0.290178
714	0.287875
714.5	0.292481
715	0.292481
715.5	0.287875
716	0.290178
716.5	0.287875
717	0.287875
717.5	0.287875
718	0.292481
718.5	0.290178
719	0.290178
719.5	0.290178
720	0.290178
720.5	0.290178
721	0.290178
721.5	0.290178
722	0.290178
722.5	0.294784
723	0.294784
723.5	0.297087
724	0.292481
724.5	0.292481
725	0.287875
725.5	0.290178
726	0.292481
726.5	0.290178
727	0.287875
727.5	0.294784
728	0.285572
728.5	0.290178
729	0.290178
729.5	0.285572
730	0.297087
730.5	0.290178
731	0.290178
731.5	0.292481
732	0.292481
732.5	0.292481
733	0.292481
733.5	0.292481
734	0.294784
734.5	0.294784
735	0.294784
735.5	0.294784
736	0.290178
736.5	0.294784
737	0.292481
737.5	0.301693
738	0.297087
738.5	0.297087
739	0.292481
739.5	0.294784
740	0.297087
740.5	0.301693
741	0.294784
741.5	0.29939
742	0.303996
742.5	0.301693
743	0.29939
743.5	0.306299
744	0.29939
744.5	0.294784
745	0.294784
745.5	0.294784
746	0.297087
746.5	0.297087
747	0.294784
747.5	0.294784
748	0.294784
748.5	0.297087
749	0.297087
749.5	0.294784
750	0.294784
750.5	0.297087
751	0.294784
751.5	0.297087
752	0.297087
752.5	0.290178
753	0.294784
753.5	0.292481
754	0.297087
754.5	0.294784
755	0.292481
755.5	0.29939
756	0.297087
756.5	0.294784
757	0.294784
757.5	0.292481
758	0.292481
758.5	0.294784
759	0.29939
759.5	0.294784
760	0.29939
760.5	0.292481
761	0.290178
761.5	0.294784
762	0.292481
762.5	0.292481
763	0.294784
763.5	0.290178
764	0.297087
764.5	0.294784
765	0.292481
765.5	0.301693
766	0.294784
766.5	0.287875
767	0.292481
767.5	0.294784
768	0.292481
768.5	0.301693
769	0.290178
769.5	0.292481
770	0.294784
770.5	0.297087
771	0.292481
771.5	0.294784
772	0.294784
772.5	0.297087
773	0.294784
773.5	0.292481
774	0.294784
774.5	0.297087
775	0.292481
775.5	0.294784
776	0.292481
776.5	0.292481
777	0.292481
777.5	0.285572
778	0.297087
778.5	0.294784
779	0.297087
779.5	0.290178
780	0.292481
780.5	0.290178
781	0.290178
781.5	0.294784
782	0.290178
782.5	0.297087
783	0.292481
783.5	0.297087
784	0.292481
784.5	0.292481
785	0.297087
785.5	0.297087
786	0.290178
786.5	0.290178
787	0.294784
787.5	0.292481
788	0.297087
788.5	0.290178
789	0.29939
789.5	0.287875
790	0.292481
790.5	0.287875
791	0.292481
791.5	0.297087
792	0.292481
792.5	0.287875
793	0.290178
793.5	0.292481
794	0.294784
794.5	0.294784
795	0.290178
795.5	0.297087
796	0.297087
796.5	0.292481
797	0.294784
797.5	0.292481
798	0.292481
798.5	0.292481
799	0.294784
799.5	0.294784
800	0.290178

